14303761,30,60,90,365
13151270,29,59,89,364
12735111,28,58,88,363
18238531,27,57,87,362
20641847,26,56,86,361
20841857,30,60,90,360
12405534,24,54,84,359
6838488,23,53,83,358
6609546,22,52,82,357
21075425,21,51,81,356
21022858,20,50,80,355
21038943,19,49,79,354
2021489,18,48,78,353
20285047,17,47,77,352
13586491,19,46,76,351
20661430,20,49,75,350
4261781,21,44,74,349
6296656,13,43,73,348
18175131,12,42,72,347
2114274,15,41,71,346
15738758,10,40,70,345
16731118,17,39,69,344
9570618,8,38,68,343
18792346,15,45,75,342
16983905,6,36,66,341
13450030,5,35,65,340
15605948,4,34,64,339
18197896,13,40,70,338
15411577,19,46,76,337
5384923,4,31,61,336
